쉘 정렬
3, 14, 12, 4, 10, 13, 1, 5, 2, 7, 9, 6, 8, 11
간격: 7
3, 5 - 리스트1

14, 2 - 리스트2
"2", "14"

12, 7 - 리스트3
"7","12"

4, 9 - 리스트4

10, 6 - 리스트5
"6", "10"

13, 8 - 리스트6
"8", "13"

1, 11 - 리스트7

-> 3, 2, 7, 4, 6, 8, 1, 5, 14, 12, 9, 10, 13, 11

간격: 3
3, 4, 1, 12, 13 - 리스트1
"1", 4, "3", 12, 13
1, "3", "4", 12, 13

2, 6, 5, 9, 11 - 리스트2
2, "5", "6", 9, 11

7, 8, 14, 10 - 리스트3
7, 8, "10", "14"

-> 1, 2, 7, 3, 5, 8, 4, 6, 10, 12, 9, 14, 13, 11

간격: 1
1, 2, "3", 7, 5, 8, 4, 6, 10, 12, 9, 14, 13, 11
1, 2, 3, "5", 7, 8, 4, 6, 10, 12, 9, 14, 13, 11
1, 2, 3, "4", 5, 7, 8, 6, 10, 12, 9, 14, 13, 11
1, 2, 3, 4, 5, "6", 7, 8, 10, 12, 9, 14, 13, 11
1, 2, 3, 4, 5, 6, 7, 8, "9", 10, 12, 14, 13, 11
1, 2, 3, 4, 5, 6, 7, 8, 9, 10, "11", 12, 14, 13
1, 2, 3, 4, 5, 6, 7, 8, 9, 10, 11, 12, "13" ,14
